% number of cities:
5
% number of sites:
100
% cities in which respective sites are located:
2
0
4
3
4
2
2
4
3
3
0
4
2
3
0
3
2
0
0
3
0
0
0
3
3
1
4
4
3
2
1
2
4
4
2
1
2
1
4
1
0
3
2
0
4
1
4
0
0
0
2
2
4
3
1
2
1
0
2
2
1
4
3
0
1
4
2
2
2
1
4
1
3
1
2
0
1
0
3
1
4
1
1
0
1
2
4
3
1
4
0
0
1
1
2
0
4
0
0
1
% airports:
47
56
12
72
33
% number of trucks:
30
% locations of trucks:
92
99
52
93
90
67
81
34
1
46
13
63
60
8
47
70
13
32
80
94
44
29
33
21
14
59
77
28
3
66
% number of planes:
3
% locations of planes:
47
72
56
% number of packages:
200
% locations and destinations of packages:
81 62
87 27
90 68
58 38
89 65
9 9
38 79
97 28
4 47
6 11
86 65
44 29
35 7
93 75
68 88
79 39
38 69
40 98
16 54
90 35
82 94
79 94
61 5
33 87
22 34
20 99
99 54
34 15
17 58
92 82
75 83
70 0
85 69
70 69
38 98
12 50
56 71
29 92
85 50
67 29
74 6
52 33
68 79
39 83
34 25
80 58
61 7
59 98
24 79
8 91
35 64
49 23
22 69
42 28
25 42
30 67
90 62
8 69
30 36
32 5
30 87
34 13
18 54
88 49
11 30
68 6
42 76
94 9
56 29
11 98
36 11
57 92
95 12
67 99
99 90
67 87
46 2
60 47
30 35
4 67
81 93
16 95
74 23
25 13
68 98
12 1
24 34
68 19
29 41
18 5
86 89
49 20
62 80
59 39
15 46
79 21
25 44
17 43
94 62
18 71
87 54
31 0
78 66
63 12
33 41
17 88
17 98
81 91
43 95
32 94
63 86
97 21
19 90
76 80
16 25
24 67
23 46
18 31
58 49
42 96
17 47
5 74
29 90
3 26
62 25
99 99
30 23
7 1
56 9
81 87
90 82
95 8
16 50
65 70
79 49
33 94
53 35
77 16
80 23
92 28
87 49
17 91
26 25
37 99
39 17
75 48
67 54
6 34
51 97
57 79
25 33
46 13
92 4
45 94
46 91
20 33
17 53
0 40
65 4
81 91
12 65
31 62
74 84
27 99
29 42
65 82
65 12
2 53
2 4
98 21
79 42
52 48
96 41
30 13
53 65
68 46
15 66
66 59
2 84
38 7
76 46
64 3
25 38
68 4
50 46
37 60
6 60
12 70
12 82
65 32
54 13
45 64
73 18
67 98
46 43
51 18
65 91
44 32
77 48
22 58
